Beam Cantilever Self-Weight (L=2, 8 elements)
9   1   1   1   9.8
1    1 1 1   0.0000000000   0.0   0.0
2    0 0 0   0.2500000000   0.0   0.0
3    0 0 0   0.5000000000   0.0   0.0
4    0 0 0   0.7500000000   0.0   0.0
5    0 0 0   1.0000000000   0.0   0.0
6    0 0 0   1.2500000000   0.0   0.0
7    0 0 0   1.5000000000   0.0   0.0
8    0 0 0   1.7500000000   0.0   0.0
9    0 0 0   2.0000000000   0.0   0.0
2
5   8   1
1   2.100000e+11   7.850000e+03   1.000000e-02   1.000000e-06   0 1 0
1    1 2  1
2    2 3  1
3    3 4  1
4    4 5  1
5    5 6  1
6    6 7  1
7    7 8  1
8    8 9  1
