<<<<<<< HEAD
Beam Cantilever Self-Weight (L=2, 2 elements)
3   1   1   1   9.8
1    1 1 1   0.0000000000   0.0   0.0
2    0 0 0   1.0000000000   0.0   0.0
3    0 0 0   2.0000000000   0.0   0.0
2
5   2   1
1   2.100000e+11   7.850000e+03   1.000000e-02   1.000000e-06
1    1 2  1
2    2 3  1
=======
Beam Cantilever Self-Weight (L=2, 2 elements)
3   1   1   1   9.8
1    1 1 1   0.0000000000   0.0   0.0
2    0 0 0   1.0000000000   0.0   0.0
3    0 0 0   2.0000000000   0.0   0.0
2
5   2   1
1   2.100000e+11   7.850000e+03   1.000000e-02   1.000000e-06
1    1 2  1
2    2 3  1
>>>>>>> origin/group
