Plate Clamped Square Self-Weight (L=1, regular 2x2 mesh)
9   1   1   1   9.8
1    1 1 1   0.0000000000   0.0000000000   0.0   0.0 0.0 0.0
2    1 1 1   0.5000000000   0.0000000000   0.0   0.0 0.0 0.0
3    1 1 1   1.0000000000   0.0000000000   0.0   0.0 0.0 0.0
4    1 1 1   0.0000000000   0.5000000000   0.0   0.0 0.0 0.0
5    0 0 0   0.5000000000   0.5000000000   0.0
6    1 1 1   1.0000000000   0.5000000000   0.0   0.0 0.0 0.0
7    1 1 1   0.0000000000   1.0000000000   0.0   0.0 0.0 0.0
8    1 1 1   0.5000000000   1.0000000000   0.0   0.0 0.0 0.0
9    1 1 1   1.0000000000   1.0000000000   0.0   0.0 0.0 0.0
2
6   4   1
1   2.000000e+11   1.000000e+03   0.3   0.01
1    1 2 5 4  1
2    2 3 6 5  1
3    4 5 8 7  1
4    5 6 9 8  1
